2.000000  1.000000  6052.318802  220.050000  152.550000  1.000000  0.123592  0.335410  1.000000  164.000000  220.123262  152.649538  18.845360  
3.000000  0.000000  6052.321804  220.050000  152.550000  1.000000  0.123592  0.335410  1.000000  276.000000  220.123262  152.649538  0.122532  
4.000000  1.000000  6052.324805  220.050000  152.550000  1.000000  0.300407  0.335410  1.000000  352.000000  220.270655  152.753852  15.308891  
5.000000  0.000000  6052.327807  220.050000  152.550000  1.000000  0.300304  0.335410  1.000000  464.000000  220.270663  152.753692  0.106493  
6.000000  0.000000  6052.330809  220.050000  152.550000  1.000000  0.299611  0.335410  1.000000  576.000000  220.270701  152.752628  0.104198  
7.000000  0.000000  6052.333811  220.050000  152.550000  1.000000  0.297327  0.335410  1.000000  688.000000  220.270804  152.749121  0.106212  
8.000000  1.000000  6052.336813  220.050000  152.550000  1.000000  0.919121  1.874166  1.000000  744.000000  220.943528  152.765383  15.273259  
9.000000  0.000000  6052.339814  220.050000  152.550000  1.000000  0.917196  1.874166  1.000000  856.000000  220.944024  152.754867  0.104133  
10.000000  1.000000  6052.342816  220.050000  152.550000  1.000000  1.352713  1.706605  1.000000  864.000000  220.161107  151.201858  15.299839  
11.000000  0.000000  6052.345818  220.050000  152.550000  1.000000  1.368608  1.706605  1.000000  972.000000  220.161045  151.185904  0.106954  
12.000000  0.000000  6052.348820  220.050000  152.550000  1.000000  1.390353  1.706605  1.000000  1080.000000  220.160971  151.164083  0.106163  
13.000000  0.000000  6052.351821  220.086666  152.550000  1.000000  1.415790  1.710218  1.000000  1184.000000  220.160885  151.136157  0.107088  
14.000000  0.000000  6052.354823  220.127109  152.550000  1.000000  1.448263  1.715103  1.000000  1284.000000  220.160786  151.102129  0.105472  
15.000000  0.000000  6052.357825  220.167552  152.550000  1.000000  1.487840  1.720925  1.000000  1384.000000  220.160671  151.062176  0.105160  
16.000000  0.000000  6052.360827  220.207996  152.550000  1.000000  1.534149  1.727675  1.000000  1476.000000  220.160529  151.016585  0.106275  
17.000000  0.000000  6052.363829  220.248439  152.550000  1.000000  1.586735  1.735341  1.000000  1568.000000  220.160341  150.965713  0.108076  
18.000000  0.000000  6052.366830  220.288882  152.550000  1.000000  1.645103  1.743912  1.000000  1656.000000  220.160079  150.909947  0.104586  
19.000000  0.000000  6052.369832  220.329325  152.550000  1.000000  1.708754  1.753374  1.000000  1744.000000  220.159704  150.849686  0.106741  
20.000000  0.000000  6052.372834  220.369768  152.550000  1.000000  1.777199  1.763713  1.000000  1828.000000  220.159169  150.785323  0.109217  
21.000000  0.000000  6052.375836  220.410212  152.550000  1.000000  1.849981  1.774913  1.000000  1912.000000  220.158417  150.717235  0.110702  
22.000000  0.000000  6052.378838  220.450655  152.550000  1.000000  1.926673  1.786959  1.000000  1992.000000  220.157386  150.645778  0.110887  
23.000000  0.000000  6052.381839  220.491098  152.550000  1.000000  2.006888  1.799833  1.000000  2076.000000  220.156009  150.571284  0.112174  
24.000000  0.000000  6052.384841  220.500000  152.550000  1.000000  2.084815  1.802776  1.000000  2156.000000  220.154215  150.494061  0.125544  
25.000000  0.000000  6052.387843  220.500000  152.550000  1.000000  2.163788  1.802776  1.000000  2232.000000  220.151935  150.414390  0.113427  
26.000000  0.000000  6052.390845  220.500000  152.550000  1.000000  2.245063  1.802776  1.000000  2312.000000  220.149099  150.332529  0.110361  
27.000000  0.000000  6052.393846  220.500000  152.550000  1.000000  2.328411  1.802776  1.000000  2388.000000  220.145640  150.248712  0.110084  
28.000000  0.000000  6052.396848  220.500000  152.550000  1.000000  2.413622  1.802776  1.000000  2464.000000  220.141497  150.163152  0.112449  
29.000000  0.000000  6052.399850  220.500000  152.550000  1.000000  2.500504  1.802776  1.000000  2540.000000  220.136611  150.076042  0.109974  
30.000000  0.000000  6052.402852  220.500000  152.550000  1.000000  2.588885  1.802776  1.000000  2616.000000  220.130932  149.987557  0.112325  
31.000000  0.000000  6052.405854  220.500000  152.550000  1.000000  2.678607  1.802776  1.000000  2688.000000  220.124413  149.897856  0.107482  
32.000000  0.000000  6052.408855  220.500000  152.550000  1.000000  2.769527  1.802776  1.000000  2760.000000  220.117015  149.807082  0.105602  
33.000000  0.000000  6052.411857  220.500000  152.550000  1.000000  2.861515  1.802776  1.000000  2832.000000  220.108707  149.715364  0.108570  
34.000000  0.000000  6052.414859  220.500000  152.550000  1.000000  2.954456  1.802776  1.000000  2904.000000  220.099461  149.622821  0.108203  
35.000000  0.000000  6052.417861  220.500000  152.550000  1.000000  3.048243  1.802776  1.000000  2972.000000  220.089258  149.529557  0.108820  
36.000000  0.000000  6052.420863  220.500000  152.550000  1.000000  3.142780  1.802776  1.000000  3044.000000  220.078085  149.435670  0.111577  
37.000000  0.000000  6052.423864  220.500000  152.550000  1.000000  3.237981  1.802776  1.000000  3108.000000  220.065932  149.341246  0.109574  
38.000000  0.000000  6052.426866  220.500000  152.550000  1.000000  3.333767  1.802776  1.000000  3176.000000  220.052797  149.246364  0.109099  
