2.000000  1.000000  220.050000  152.550000  0.393674  2.755721  1.000000  0.316487  0.779602  10.000000  0.234310  160.000000  220.043092  152.784208  20.625494  
3.000000  0.000000  220.050000  152.550000  0.394193  2.759353  1.000000  0.309974  0.781727  10.000000  0.227248  272.000000  220.036324  152.776837  2.964901  
4.000000  1.000000  220.050000  152.550000  0.394712  2.762985  1.000000  0.596357  3.083435  11.000000  0.366811  352.000000  220.311351  152.807383  25.880745  
5.000000  0.000000  220.050000  152.550000  0.395231  2.766617  1.000000  0.589121  1.759648  11.000000  0.378395  468.000000  220.343306  152.789070  3.631875  
6.000000  0.000000  220.050000  152.550000  0.395750  2.770249  1.000000  0.584715  0.788172  11.000000  0.392784  580.000000  220.375668  152.769590  3.561582  
7.000000  0.000000  220.050000  152.550000  0.396269  2.773881  1.000000  0.583029  0.790343  11.000000  0.409358  692.000000  220.408431  152.747740  4.172067  
8.000000  1.000000  220.050000  152.550000  0.396788  2.777513  1.000000  1.077975  3.673965  11.000000  0.926615  704.000000  220.976415  152.530703  32.241957  
2.000000  1.000000  220.050000  152.550000  0.393674  2.755721  1.000000  0.119893  2.773039  11.000000  0.085351  160.000000  220.001782  152.620425  21.874491  
3.000000  0.000000  220.050000  152.550000  0.394193  2.759353  1.000000  0.107318  0.781727  11.000000  0.070003  272.000000  220.015700  152.611024  4.593348  
4.000000  1.000000  220.050000  152.550000  0.394712  2.762985  1.000000  0.388731  4.607412  9.000000  0.231179  368.000000  220.280877  152.538200  47.476048  
5.000000  0.000000  220.050000  152.550000  0.395231  2.766617  1.000000  0.402949  0.786013  9.000000  0.258396  484.000000  220.306404  152.517980  4.166214  
6.000000  0.000000  220.050000  152.550000  0.395750  2.770249  1.000000  0.419071  0.788172  9.000000  0.287357  600.000000  220.332262  152.496125  2.569408  
7.000000  0.000000  220.050000  152.550000  0.396269  2.773881  1.000000  0.437526  0.790343  9.000000  0.318351  712.000000  220.358456  152.471249  3.814349  
8.000000  1.000000  220.050000  152.550000  0.396788  2.777513  1.000000  1.038833  3.519201  12.000000  1.018201  724.000000  221.068136  152.538504  28.199617  
2.000000  1.000000  220.050000  152.550000  0.393674  2.755721  1.000000  0.295572  1.769154  10.000000  0.257577  156.000000  220.071439  152.806683  29.317593  
2.000000  1.000000  220.050000  152.550000  0.393674  2.755721  1.000000  0.308033  2.001944  13.000000  0.242175  168.000000  220.093921  152.788159  36.594215  
3.000000  0.000000  220.050000  152.550000  0.394193  2.759353  1.000000  0.316998  0.781727  13.000000  0.244679  280.000000  220.105111  152.788392  32.534209  
4.000000  1.000000  220.050000  152.550000  0.394712  2.762985  1.000000  0.431096  1.488082  9.000000  0.409716  372.000000  220.395046  152.770931  63.827383  
5.000000  0.000000  220.050000  152.550000  0.395231  2.766617  1.000000  0.452022  0.786013  9.000000  0.435010  488.000000  220.431051  152.759843  17.612205  
6.000000  0.000000  220.050000  152.550000  0.395750  2.770249  1.000000  0.475516  0.788172  9.000000  0.461813  600.000000  220.467430  152.747544  16.991938  
7.000000  0.000000  220.050000  152.550000  0.396269  2.773881  1.000000  0.500797  0.790343  9.000000  0.489480  712.000000  220.504172  152.732534  18.776398  
8.000000  1.000000  220.050000  152.550000  0.396788  2.777513  1.000000  0.674093  3.436769  13.000000  0.668984  764.000000  220.713630  152.634467  29.568861  
9.000000  0.000000  220.050000  152.550000  0.397306  2.781145  1.000000  0.707403  1.490350  13.000000  0.705304  876.000000  220.752098  152.617170  26.769062  
10.000000  1.000000  220.050000  152.550000  0.397825  2.784777  1.000000  1.926775  10.278501  10.000000  1.918947  824.000000  219.587463  150.687631  35.085152  
11.000000  0.000000  220.050000  152.550000  0.398344  2.788409  1.000000  1.876233  8.417434  10.000000  1.859242  948.000000  219.639918  150.736547  25.313984  
12.000000  0.000000  220.050000  152.550000  0.398863  2.792040  1.000000  1.842886  6.135322  10.000000  1.813591  1064.000000  219.691253  150.772245  18.136574  
13.000000  0.000000  220.086666  152.550000  0.429605  2.786047  1.000000  1.829649  2.224446  10.000000  1.789218  1176.000000  219.741417  150.794408  13.965005  
14.000000  0.000000  220.127109  152.550000  0.463462  2.779063  1.000000  1.831383  2.206370  10.000000  1.779161  1284.000000  219.790397  150.802991  15.135532  
15.000000  0.000000  220.167552  152.550000  0.497318  2.772078  1.000000  1.846946  2.189439  10.000000  1.782348  1392.000000  219.838205  150.798345  13.784619  
16.000000  0.000000  220.207996  152.550000  0.531174  2.765094  1.000000  1.875337  2.173678  10.000000  1.798114  1492.000000  219.884862  150.781159  17.605368  
17.000000  0.000000  220.248439  152.550000  0.565030  2.758109  1.000000  1.915418  2.159114  10.000000  1.825581  1588.000000  219.930379  150.752339  12.881370  
18.000000  0.000000  220.288882  152.550000  0.598886  2.751124  1.000000  1.966032  2.145770  10.000000  1.863764  1684.000000  219.974751  150.712899  17.729600  
19.000000  0.000000  220.329325  152.550000  0.632742  2.744140  1.000000  2.026065  2.133670  10.000000  1.911648  1772.000000  220.017952  150.663881  13.112467  
20.000000  0.000000  220.369768  152.550000  0.666598  2.737155  1.000000  2.094482  2.122834  10.000000  1.968236  1864.000000  220.059935  150.606303  13.607865  
21.000000  0.000000  220.410212  152.550000  0.700454  2.730171  1.000000  2.170341  2.113283  10.000000  2.032584  1952.000000  220.100637  150.541130  13.516592  
22.000000  0.000000  220.450655  152.550000  0.734310  2.723186  1.000000  2.252790  2.105034  10.000000  2.103807  2036.000000  220.139980  150.469258  13.519353  
23.000000  0.000000  220.491098  152.550000  0.768166  2.716201  1.000000  2.341064  2.098102  10.000000  2.181095  2124.000000  220.177874  150.391514  18.956859  
24.000000  0.000000  220.500000  152.550000  0.775371  2.713797  1.000000  2.429333  2.096739  10.000000  2.259501  2208.000000  220.214221  150.308645  33.595374  
25.000000  0.000000  220.500000  152.550000  0.775053  2.712686  1.000000  2.520861  2.096720  10.000000  2.342167  2292.000000  220.248920  150.221329  19.454523  
26.000000  0.000000  220.500000  152.550000  0.774736  2.711575  1.000000  2.616410  2.096702  10.000000  2.429634  2376.000000  220.281868  150.130178  19.172673  
27.000000  0.000000  220.500000  152.550000  0.774418  2.710463  1.000000  2.715333  2.096684  10.000000  2.521211  2456.000000  220.312965  150.035736  38.412305  
28.000000  0.000000  220.500000  152.550000  0.774101  2.709352  1.000000  2.817062  2.096667  10.000000  2.616276  2536.000000  220.342115  149.938492  32.666390  
29.000000  0.000000  220.500000  152.550000  0.773783  2.708241  1.000000  2.921096  2.096651  10.000000  2.714270  2616.000000  220.369227  149.838882  21.269917  
30.000000  0.000000  220.500000  152.550000  0.773466  2.707129  1.000000  3.026999  2.096635  10.000000  2.814697  2696.000000  220.394220  149.737292  23.972487  
31.000000  0.000000  220.500000  152.550000  0.773148  2.706018  1.000000  3.134390  2.096620  10.000000  2.917115  2772.000000  220.417018  149.634065  25.001330  
32.000000  0.000000  220.500000  152.550000  0.772831  2.704907  1.000000  3.242940  2.096605  10.000000  3.021140  2848.000000  220.437558  149.529505  12.417930  
33.000000  0.000000  220.500000  152.550000  0.772513  2.703796  1.000000  3.352365  2.096592  10.000000  3.126433  2928.000000  220.455785  149.423880  34.184539  
34.000000  0.000000  220.500000  152.550000  0.772195  2.702684  1.000000  3.462422  2.096578  10.000000  3.232699  3000.000000  220.471655  149.317426  23.365212  
35.000000  0.000000  220.500000  152.550000  0.771602  2.700608  1.000000  3.572566  2.096555  10.000000  3.339684  3076.000000  220.485132  149.210350  22.072520  
36.000000  0.000000  220.500000  152.550000  0.770862  2.698018  1.000000  3.682790  2.096530  10.000000  3.447169  3148.000000  220.496191  149.102833  28.326953  
37.000000  0.000000  220.500000  152.550000  0.770123  2.695429  1.000000  3.793128  2.096508  10.000000  3.554967  3220.000000  220.504818  148.995036  33.310700  
38.000000  0.000000  220.500000  152.550000  0.769383  2.692839  1.000000  3.903460  2.448523  10.000000  3.662921  3292.000000  220.511005  148.887096  29.458647  
39.000000  1.000000  220.500000  152.550000  0.768643  2.690250  1.000000  5.809546  13.086919  8.000000  5.755121  3224.000000  222.626655  147.202219  44.456643  
40.000000  0.000000  220.500000  152.550000  0.767903  2.687661  1.000000  5.754144  13.087822  8.000000  5.693793  3300.000000  222.692036  147.295073  15.602726  
41.000000  0.000000  220.500000  152.550000  0.767163  2.685071  1.000000  5.719843  11.336433  8.000000  5.642709  3368.000000  222.753027  147.376603  28.403915  
42.000000  1.000000  220.500000  152.550000  0.766423  2.682482  1.000000  7.741474  14.906356  13.000000  7.653988  3308.000000  223.940167  145.712692  39.602581  
43.000000  0.000000  220.500000  152.550000  0.765684  2.679893  1.000000  7.613912  11.411088  13.000000  7.528444  3384.000000  223.959416  145.863453  45.221651  
44.000000  0.000000  220.500000  152.550000  0.764944  2.677303  1.000000  7.501697  11.413033  13.000000  7.413975  3452.000000  223.982616  146.004894  15.199591  
45.000000  0.000000  220.500000  152.550000  0.764204  2.674714  1.000000  7.404006  10.171311  13.000000  7.310008  3516.000000  224.009454  146.137517  22.283394  
46.000000  0.000000  220.500000  152.527360  0.768538  2.668339  1.000000  7.301401  9.194301  13.000000  7.196177  3572.000000  224.039555  146.261859  15.699778  
