2.000000  1.000000  6052.318802  220.050000  152.550000  1.000000  0.198004  0.335410  7.000000  160.000000  220.107944  152.739336  25.452986  
3.000000  0.000000  6052.321804  220.050000  152.550000  1.000000  0.191943  0.335410  7.000000  272.000000  220.120170  152.728656  0.752277  
4.000000  1.000000  6052.324805  220.050000  152.550000  1.000000  0.483359  0.335410  11.000000  360.000000  220.320839  152.950353  16.782156  
5.000000  0.000000  6052.327807  220.050000  152.550000  1.000000  0.499705  0.335410  11.000000  472.000000  220.347578  152.951437  1.155837  
6.000000  0.000000  6052.330809  220.050000  152.550000  1.000000  0.516917  0.335410  11.000000  584.000000  220.374870  152.952073  1.152678  
7.000000  0.000000  6052.333811  220.050000  152.550000  1.000000  0.533956  0.335410  11.000000  700.000000  220.402746  152.950848  1.162551  
8.000000  1.000000  6052.336813  220.050000  152.550000  1.000000  0.869089  0.335410  8.000000  708.000000  220.879530  152.809221  17.471948  
9.000000  0.000000  6052.339814  220.050000  152.550000  1.000000  0.870925  0.335410  8.000000  820.000000  220.878939  152.817152  0.843632  
10.000000  1.000000  6052.342816  220.050000  152.550000  1.000000  1.190327  3.148412  9.000000  852.000000  219.826211  151.380899  17.285698  
11.000000  0.000000  6052.345818  220.050000  152.550000  1.000000  1.182868  2.170829  9.000000  924.000000  219.751884  151.405315  1.055728  
12.000000  0.000000  6052.348820  220.050000  152.550000  1.000000  1.188190  0.335410  9.000000  1028.000000  219.730905  151.405459  1.001267  
13.000000  0.000000  6052.351821  220.086666  152.550000  1.000000  1.219755  0.353333  9.000000  1128.000000  219.723979  151.385414  0.964697  
14.000000  0.000000  6052.354823  220.127109  152.550000  1.000000  1.264283  1.715103  9.000000  1232.000000  219.722207  151.352308  0.958118  
15.000000  0.000000  6052.357825  220.167552  152.550000  1.000000  1.317919  1.720925  9.000000  1328.000000  219.722793  151.309396  0.957981  
16.000000  0.000000  6052.360827  220.207996  152.550000  1.000000  1.379127  1.727675  9.000000  1424.000000  219.724617  151.258359  0.963525  
17.000000  0.000000  6052.363829  220.248439  152.550000  1.000000  1.446834  1.735341  9.000000  1516.000000  219.727132  151.200345  0.944616  
18.000000  0.000000  6052.366830  220.288882  152.550000  1.000000  1.520150  1.743912  9.000000  1604.000000  219.730019  151.136307  0.943289  
19.000000  0.000000  6052.369832  220.329325  152.550000  1.000000  1.598297  1.753374  9.000000  1696.000000  219.733059  151.067091  0.940385  
20.000000  0.000000  6052.372834  220.369768  152.550000  1.000000  1.680586  1.763713  9.000000  1780.000000  219.736084  150.993461  0.994833  
21.000000  0.000000  6052.375836  220.410212  152.550000  1.000000  1.766412  1.774913  9.000000  1864.000000  219.738952  150.916102  1.002308  
22.000000  0.000000  6052.378838  220.450655  152.550000  1.000000  1.855249  1.786959  9.000000  1948.000000  219.741537  150.835620  0.998284  
23.000000  0.000000  6052.381839  220.491098  152.550000  1.000000  1.946641  1.799833  9.000000  2028.000000  219.743725  150.752545  0.944439  
24.000000  0.000000  6052.384841  220.500000  152.550000  1.000000  2.028255  1.802776  9.000000  2108.000000  219.745411  150.667339  0.946347  
25.000000  0.000000  6052.387843  220.500000  152.550000  1.000000  2.108811  1.802776  9.000000  2192.000000  219.746499  150.580401  0.949004  
26.000000  0.000000  6052.390845  220.500000  152.550000  1.000000  2.191396  1.802776  9.000000  2268.000000  219.746900  150.492075  0.951419  
27.000000  0.000000  6052.393846  220.500000  152.550000  1.000000  2.275698  1.802776  9.000000  2344.000000  219.746533  150.402656  0.955143  
28.000000  0.000000  6052.396848  220.500000  152.550000  1.000000  2.361441  1.802776  9.000000  2424.000000  219.745324  150.312396  0.997164  
29.000000  0.000000  6052.399850  220.500000  152.550000  1.000000  2.448385  1.802776  9.000000  2500.000000  219.743210  150.221512  1.014209  
30.000000  0.000000  6052.402852  220.500000  152.550000  1.000000  2.536315  1.802776  9.000000  2572.000000  219.740133  150.130187  0.960874  
31.000000  0.000000  6052.405854  220.500000  152.550000  1.000000  2.625046  1.802776  9.000000  2648.000000  219.736047  150.038577  0.951174  
32.000000  0.000000  6052.408855  220.500000  152.550000  1.000000  2.714418  1.802776  9.000000  2720.000000  219.730912  149.946815  0.964524  
33.000000  0.000000  6052.411857  220.500000  152.550000  1.000000  2.804291  1.802776  9.000000  2796.000000  219.724696  149.855013  0.949858  
34.000000  0.000000  6052.414859  220.500000  152.550000  1.000000  2.894546  1.802776  9.000000  2864.000000  219.717375  149.763265  0.977239  
35.000000  0.000000  6052.417861  220.500000  152.550000  1.000000  2.985078  1.802776  9.000000  2936.000000  219.708932  149.671650  0.960178  
36.000000  0.000000  6052.420863  220.500000  152.550000  1.000000  3.075799  1.802776  9.000000  3004.000000  219.699360  149.580233  0.956032  
